pce_0
C    9.359397604885542    4.045740072384341    1.7436235879508737
C    9.878356336449643    2.643246433197602    1.462246238793081
C    10.705363608876306    2.6681905092208673    0.17617619288375336
C    11.197816703354356    1.2569318000204337    -0.06097579439091761
C    10.057374831581976    0.277284560607422    -0.21351047406709553
C    9.18669586144887    0.24246284886507175    1.0250873365213833
C    9.99917401442498    -0.16913057267075757    2.210792019887553
C    9.239661954095924    0.7364648267859581    -1.411155990393959
C    8.067471225292    -0.20376673532616713    -1.6299027545731293
C    6.821512562117535    0.11826531301705426    -1.2852254699284165
C    5.835862772649481    -0.7943543949063646    -1.5220457530945166
C    4.3894925297274945    -0.6629103576064713    -1.2282427805604925
C    3.9330944500167373    0.5000625287414218    -0.6460875345919995
C    2.569141124814406    0.6137594507743215    -0.37406790075648794
F    2.1370744244682967    1.7544974606564618    0.19397218699636123
C    1.7192988139103238    -0.41768507138123484    -0.6858472712425224
C    0.2795756900260362    -0.28125162401982606    -0.3900715137259522
C    -0.7399383734286922    -1.1239188241291607    -0.5948352000558433
C    -1.9820206835898868    -0.759128910149294    -0.2304289657782369
C    -3.1268063255697753    -1.7475179461908394    -0.3920744518238174
C    -3.364959273794692    -2.4528035177092153    0.9335474097270411
C    -2.130790622500476    -3.203597917056053    1.3796403266841801
C    -2.3908723487695496    -3.887206925906041    2.682887457588298
C    -4.554484370896233    -3.3523043734086992    0.8058378011351354
C    -4.805338887909586    -4.062564193625216    2.118871484181448
C    -6.0064154208443945    -4.983436162780716    2.023524467161949
C    -6.264463766909312    -5.694742136423272    3.324705552523107
C    -2.1483737668796814    0.4547113102657365    0.3294632808196998
C    -3.265017422236517    1.2108714424576428    0.8685789900008619
C    -3.019309386831838    2.3463779906219386    1.6711519198295843
C    -4.021660131713538    3.121310868767048    2.1651530446119738
C    -5.353005016879846    2.7929947883498807    1.874779193543967
C    -6.48017340706407    3.592336344285374    2.3803772027843704
C    -5.6004845614857395    1.6959301385312735    1.0978917995206554
N    -6.755826457499989    1.178687613289871    0.6645521144643493
N    -6.472211188195142    0.12118010451961723    -0.0724205208372484
C    -7.5113907884705595    -0.6720056958851018    -0.6951039428236574
C    -7.898695606416541    -0.25050694520327677    -2.0627952706958403
C    -8.426546038855609    1.1296653398049683    -2.2167090971778824
C    -7.479911916712169    2.225992783456624    -1.8064519115357194
C    -6.9569550949608745    -0.6833142631409181    -3.1335969099938246
C    -5.562041569900765    -0.12008867622719836    -2.906163802161807
C    -4.627485540313858    -0.5725134934521059    -4.005047457334707
C    -5.14625312919381    -0.08188918572690825    -5.36074165619282
N    -5.161961259976352    -0.04513211614265096    -0.11658228419841908
C    -4.57069262429715    0.9060940552421992    0.5949444974293685
N    -3.5868521486486946    4.208573524688455    2.9478412785024304
S    -1.9838325152716745    4.120464498231107    2.9643052203918225
N    -1.7223953883526977    2.815004260047253    2.062681835748427
S    -0.5162621203389399    1.046742744364892    0.32560879988222663
C    2.1620942281994266    -1.561342027525117    -1.2573867181426843
C    3.5286041912080446    -1.688914094652854    -1.5358763145659158
F    4.044344919531249    -2.799628576739262    -2.104785899565011
S    6.690054501092523    -2.0900399687586186    -2.227325128924763
C    8.26368393666922    -1.434222053412249    -2.199017051745197
C    9.568280869868422    -2.027926851038916    -2.6721072274955495
0.0
pce_1
C    -6.625570421674331    3.999401572119652    1.8373806875333347
C    -6.023871643814371    3.4312877615385147    3.127043041317859
C    -7.073562563331752    2.575881940174978    3.797945685601903
C    -7.5113642183406695    1.4304807306700167    2.9077438832111366
C    -8.080647036485308    2.0403562309905587    1.6497298990570446
C    -8.526533919037222    0.9441210626582214    0.7390382707795611
C    -7.390232692743313    0.041987170288076886    0.36408470537859566
C    -7.798666610694181    -1.0723150582073206    -0.5513637367375084
C    -8.860259768353531    -1.9367882146336737    0.11811017931674735
C    -9.300030106644886    -3.061391751400351    -0.7560796942606569
C    -8.208821750305676    -4.007642743691596    -1.1507187389555749
C    -6.7067599759662455    -0.5792901518182105    1.5736975508860613
N    -5.635167110814247    -1.4221538513806813    1.031069498480403
N    -5.735840486583137    -2.6957788335822213    0.6936426490474118
C    -4.575061290781206    -3.168152645532964    0.23246255532423182
C    -4.149769824549952    -4.398692749092243    -0.22520370676865462
C    -5.155075966877502    -5.499009699776719    -0.2609889608495839
C    -2.8459579859137927    -4.606541678763722    -0.6351411849855039
C    -1.9845346361289882    -3.564216659784722    -0.5776836712382177
C    -2.401893507849802    -2.2952471833516532    -0.11237522113257321
C    -1.3917080485930675    -1.2299420264781793    -0.023840827045771913
S    0.33630801978035413    -1.469884659023595    -0.11209548555620681
C    0.861644591991446    0.13324621326250388    0.020503376546035287
C    2.2255292792021373    0.6860192651231808    0.022759529935467697
C    3.283559093406872    -0.1973807066407845    -0.10913925126935999
C    4.592534330102525    0.2511332794642358    -0.11269553025332588
F    5.571222950059073    -0.6770991814489614    -0.2457527771873711
C    4.840211364691524    1.5934789234363318    0.016996099499247012
C    6.255106158809421    2.026998529850217    0.0062310122240390176
C    7.362436007140659    1.2679534848985643    -0.12656987303994208
C    8.572356408848112    1.86570104088853    -0.11094110655199725
C    9.80623231945561    0.9883558963193424    -0.23449347368328582
C    10.460722104424658    0.6121101257365277    0.9980486766999607
C    11.03934716216285    1.6951816073817298    1.8115908329660741
C    12.149327298693564    2.3579679325243483    0.9779591044264823
C    11.369470416892451    -0.5860142531800715    0.8588696992573575
C    10.59557839697045    -1.8092924378063562    0.39025583155736465
C    9.970818088537273    -1.5093279718900872    -0.9519152200416715
C    10.99556336216268    -1.1705540095392004    -1.9984038703211082
C    8.593987827639262    3.208139640897251    0.038511662240036555
C    9.72827995635272    4.202961551218052    0.07799920334366682
S    6.904988930810823    3.5945763316628585    0.15487010807326518
C    3.8119640253982014    2.465677985901868    0.14657016493482067
C    2.4814827489369686    2.0157138335858833    0.1507217605379891
F    1.465923514047865    2.9050768579850574    0.2816197267090187
C    -0.3031911736302508    0.8044948294136044    0.12661815728626466
C    -1.4581605973255414    0.11690057696379731    0.1034842705324177
C    -2.766886752731554    0.9027818951572678    0.1454531275760974
C    -3.2729118749974675    1.0661517593779366    -1.2865767932050607
C    -4.571706051735603    1.839551107666852    -1.3083730637265676
C    -4.398144407648474    3.2123098881428653    -0.7181898166615859
C    -2.262952540398058    1.9042563515121878    -2.0566820682788363
C    -2.8265241994958985    2.0281161430840173    -3.4683599559731
C    -1.910971031313825    2.8482679386800833    -4.351270509480156
C    -1.7660502922318329    4.240419808321085    -3.7529433798055836
C    -3.670765914095004    -2.0915496986155797    0.28738961746481434
N    -4.383085545406262    -1.0903604031642162    0.7750952126307261
N    -0.6730730517915101    -3.899211904430931    -1.028370643146731
S    -0.7459827126402023    -5.451839903229163    -1.443050231885664
N    -2.2828586455932878    -5.807380890431245    -1.1243812969188058
0.0
pce_2
C    10.645890020915889    -0.15233382065423884    2.712464340211509
C    9.356395251161896    0.6362761090187637    2.891200651067867
C    9.561629233637102    2.117243469295483    2.8443296372296616
C    10.146080398348973    2.60604692911096    1.538292328268188
C    9.240786159061019    2.261486803021361    0.3657017699218363
C    9.88798977194921    2.7804929085129486    -0.888724744757091
C    11.29509093417629    2.1573778996603536    -0.995513281902494
C    8.881963531436394    0.8480383695820278    0.30856047075282367
C    7.907916487332956    0.47891361036964647    -0.7974073574526951
C    6.591809011047001    0.4057780363371851    -0.46673922824796965
C    5.702057880158265    0.10797956129668534    -1.432273470970808
C    4.242094674618192    -0.015124537203991994    -1.2525632434749934
C    3.434348014606155    -0.30332752688265896    -2.3116810861229555
F    3.9945164693274204    -0.46083766220022104    -3.527919099463868
C    2.0545092862111582    -0.4318227076879622    -2.1229207625731106
F    1.3092888662437034    -0.7127107583834525    -3.2169085050083726
C    1.5256653206705784    -0.26583523385037067    -0.8688088465793837
C    0.07649290527322528    -0.4146408889893555    -0.6675116349674233
C    -0.6493682300869483    -0.3195439576913904    0.4645071725500226
C    -1.9827725540167782    -0.509388138399586    0.4042389291049542
C    -2.7395264697611497    -0.5604581150964221    1.7401619676595317
C    -2.636466091694383    -1.8392125704097584    2.4234511716166027
C    -3.1090813638690915    -3.046557545118661    1.7941565454745787
C    -4.5454434882321655    -3.1574617726152714    1.4557589373946143
C    -1.5445722497664522    -1.9947936200190721    3.425599395315414
C    -1.605815558248397    -3.382794834917954    4.019998436005368
C    -0.5450758525311522    -3.6398015139027784    5.040588798994147
C    -0.6012730910272748    -2.710871155274416    6.210372614998506
C    -2.5213066615371256    -0.7828963038104174    -0.8117982998273691
C    -3.8935480168899153    -1.024026414251094    -1.2644940699548255
C    -4.097602847892526    -1.5928567365356132    -2.526002941764323
C    -5.347882859496463    -1.7605026609260497    -3.019368647836957
C    -6.466559322056376    -1.3698394697478427    -2.2833296217710783
C    -7.852543399206111    -1.5380542088545373    -2.7869952945701946
C    -6.270682022800634    -0.8097136804121404    -1.042439334716375
N    -7.117083270660002    -0.3440389443646536    -0.1347442048849654
N    -6.427953175416024    0.09934691356493948    0.8878698521446688
C    -7.00505517502714    0.6871848722998576    2.093763841087223
C    -7.163247313868971    2.1612263239413934    1.968224923994701
C    -7.747713005244824    2.843462986799171    3.154882441228068
C    -9.129148090287318    2.367801047510471    3.5254660331003307
C    -7.612383127392248    2.6624500303716645    0.6404749583467131
C    -7.712246166343198    4.179785680532949    0.722269297733654
C    -6.351929660050498    4.76164937611488    1.0743589047361073
C    -6.462988375115661    6.272397618514974    1.152971753418073
N    -5.143926658604437    -0.06125014766518808    0.6813040666370725
C    -4.975216532356036    -0.63262787305599    -0.5228715610876333
N    -5.384583943975631    -2.352240816286256    -4.307806002160166
S    -3.847036372870981    -2.613956030142132    -4.717760126884238
N    -3.0788912479081945    -2.051332744485772    -3.416539490137708
S    -1.1052004976417011    -0.7697880775294932    -1.831060356324245
C    2.3350850203816607    0.02440708615312291    0.1976479057995113
F    1.8630697316285283    0.20022450444297157    1.4578882080268614
C    3.6862684355286826    0.14573523062738264    -0.01472892048751729
F    4.4797912471167125    0.4359021560855628    1.046407889748126
S    6.675731263853717    -0.07292777150263265    -2.804816080765593
C    8.22424509483428    0.24268905983790487    -2.086841912565335
C    9.555407682357334    0.20967165586557593    -2.7914823190665077
0.0
pce_3
C    5.97456361492015    2.450582035870034    1.684249296710382
C    4.804780598050367    2.647666402257708    2.6218553578760733
C    3.8682793867339345    1.4693096294772956    2.613753190116452
C    4.570601846889596    0.19091457180087387    3.0434672411839623
C    5.687251206342773    -0.060058554286660105    2.0805926022770773
C    6.4678292049018085    -1.307438827568416    2.4008687839858354
C    7.564484057286278    -1.5039031601272095    1.409775205637541
C    8.488943839926486    -0.3214261043118292    1.441032057391998
C    9.596170150692998    -0.5242356303540102    0.45570789723790195
C    10.391779064099676    -1.7341590003747125    0.8091069042604153
C    9.60477987455607    -3.0103074117136783    0.8303472966677073
C    7.136321708164891    -1.8530147773637824    0.029308535880813856
N    6.280639302722083    -0.8274271481143427    -0.578194155913872
N    6.673415112723076    0.21169725030997033    -1.281250637783374
C    5.579562069240407    0.8777627584922446    -1.653997390361997
C    5.456487365175671    2.024152738111684    -2.3855411301299814
C    6.671818997622708    2.7233038517346584    -2.9139411602137244
C    4.173823156772973    2.5237214286316347    -2.625959516286097
C    3.091022015288761    1.872165941851515    -2.1369917362914252
C    3.2201314904554152    0.6879600314723534    -1.3819708256321905
C    2.014209583075926    0.065703624017736    -0.8571508679857931
S    0.4276420932883813    0.7807269583494686    -0.8740165811836281
C    -0.4544510042275367    -0.4554832528552968    -0.10565305614210108
C    -1.8978238220261985    -0.47790024077706555    0.2016932948670148
C    -2.443031339364287    -1.5476277167436479    0.8165875765688139
F    -1.6622705376253348    -2.602554319136984    1.1509616668564444
C    -3.8148880208151135    -1.5832951344072654    1.1167676770922859
F    -4.3555688945748585    -2.661228670312386    1.7340984553700605
C    -4.615611280369504    -0.5030436125098784    0.7751533983523189
C    -6.048251937133392    -0.5539123545267705    1.094968949702058
C    -7.027706941061794    0.36668533316440804    0.8722199294377191
C    -8.266200520469148    0.07508681624370474    1.26446991381012
C    -9.427160760495665    1.0267369005570686    1.063720514465898
C    -9.804715010233954    1.7017449836297895    2.3382951891788175
C    -8.743976828556352    2.5200052890541698    2.9812398741639297
C    -7.516095747244517    1.7631319861762347    3.3537869548933394
C    -11.15461505426174    2.320421897911142    2.3295136800489216
C    -12.274042778486134    1.3674919089392419    2.0838682814380967
C    -13.5809459687672    2.1031204782361    2.097371670391177
C    -13.80776567032863    2.775186551559314    3.4251531750292963
C    -8.471192039880991    -1.1359716898578456    1.8675867905286536
C    -9.761022425164755    -1.701984397366665    2.397725467582798
S    -6.899904253878307    -1.817778744251873    1.8567417967654019
C    -4.061154550460881    0.577386405711075    0.1533162932631048
F    -4.818471066703575    1.637545226761402    -0.18801026547743768
C    -2.6884864670536404    0.5932048477829218    -0.13776244754996872
F    -2.1217202539350257    1.6591418832960763    -0.7552330458307236
C    0.4922811744137329    -1.3635424344811375    0.1316010758541348
C    1.7695879105142678    -1.121710902977411    -0.24591470797358425
C    2.7983567500659183    -2.1984746285262022    -0.048894967898720894
C    2.8048400756903313    -3.1566891638350003    -1.1623586430878117
C    1.3767699516864962    -3.8050913645732907    -1.1491480869995303
C    1.1860307942230572    -4.479129844812077    0.18332702449517815
C    2.9268934268771796    -2.623886607146054    -2.5421510467676156
C    1.84095838260454    -1.737601050753896    -3.024488812098089
C    2.035901219499431    -1.2444607953436284    -4.428044209156242
C    3.299495041120989    -0.4493291984208739    -4.606891409075656
C    4.470089304305905    0.19299771060253232    -1.14202181309792
N    4.971864537022328    -0.8582005167940894    -0.482350393560136
N    1.8592645765925033    2.5144217988203073    -2.477096108401601
S    2.2690245675309475    3.8088812663423344    -3.3411864265310234
N    3.8711797220332356    3.69200874745937    -3.364273602153082
0.0
